1.5482 -0.6881
1.5699 -0.7440
1.5926 -0.7494
1.5626 -0.7223
1.5695 -0.7371
1.5860 -0.7493
1.5910 -0.7323
1.6507 -0.7342
1.7191 -0.7077
1.7915 -0.6823
1.8349 -0.6991
1.8319 -0.7014
1.8469 -0.7455
1.8493 -0.7525
1.8676 -0.7375
1.9242 -0.7324
2.0047 -0.7148
2.1170 -0.6886
2.2293 -0.6647
2.3162 -0.6328
2.3918 -0.6248
2.4579 -0.6040
2.5494 -0.5562
2.6688 -0.5248
2.7822 -0.5166
2.8794 -0.4839
3.0017 -0.4781
3.1463 -0.4605
3.2741 -0.4592
3.3389 -0.4536
3.3847 -0.4313
3.4424 -0.3911
3.5005 -0.3589
3.5545 -0.3408
3.5896 -0.3395
3.6054 -0.3285
3.6234 -0.2777
3.6459 -0.2224
3.6684 -0.1853
3.6967 -0.2014
3.7251 -0.2036
3.7265 -0.1661
3.7318 -0.0904
3.7302 -0.0085
3.7218 0.0706
3.7043 0.1465
3.6914 0.2606
3.6998 0.4489
3.7192 0.5623
3.7337 0.6799
3.7407 0.8392
3.7267 0.9078
3.7050 0.9727
3.6910 1.0808
3.6732 1.1993
3.6634 1.2829
3.6716 1.4145
3.7243 2.3798
3.7157 2.1924
3.7159 1.9521
3.7222 1.8413
3.7390 1.8211
3.7387 1.7283
3.7586 1.8336
3.7348 1.6649
3.7519 1.8458
3.7420 1.8083
3.7364 1.7994
3.7425 1.8874
3.7442 1.9318
3.7466 2.0003
3.7538 2.0654
3.7622 2.0604
3.7810 2.1761
3.7899 2.2621
3.8039 2.3432
3.8117 2.3976
3.8261 2.5054
3.8439 2.5766
3.8589 2.6596
3.8735 2.7765
3.8915 2.8176
3.9276 2.9060
3.9607 2.9514
3.9668 3.3988
3.9719 3.4774
3.9733 3.5441
3.9583 3.5579
3.9130 3.4965
3.8720 3.4014
3.8794 3.4498
3.9212 3.6536
3.9359 3.6827
3.9539 3.8171
3.9651 4.0249
3.9491 4.0487
3.9591 4.2102
3.9650 4.2921
3.9731 4.2965
3.9766 4.3078
3.9918 4.5901
3.9811 4.5971
4.0106 4.8371
3.9361 5.6223
3.8941 5.3768
3.8857 5.3355
3.9009 5.5051
3.8621 5.1554
3.8691 5.2387
3.8949 5.4156
3.8962 5.4469
3.8922 5.3846
3.8902 5.3695
3.8965 5.4509
3.8736 5.1302
3.8734 5.1308
3.8830 5.2691
3.8675 5.2007
3.8691 5.2089
3.8674 5.2264
3.8865 5.4390
3.8861 5.3930
3.8839 5.4156
3.8988 5.5302
3.9025 5.4993
3.9074 5.5598
3.9265 5.8531
3.8974 5.5689
3.8921 5.5352
3.8781 5.3803
3.8807 5.3980
3.8904 5.4969
3.8914 5.5049
3.8689 5.5407
3.8618 5.5294
3.8503 5.5660
3.8396 5.6877
3.8589 6.0383
3.9235 5.6959
3.9497 5.6728
3.9610 5.7500
3.9600 5.8763
3.9648 5.9070
3.9656 6.0007
3.9604 6.1024
3.9446 6.0270
3.9233 6.3265
3.8960 6.3642
3.8631 6.4308
3.8353 6.5575
3.8173 6.7011
3.8098 6.8183
3.8063 6.9512
3.8043 7.0870
3.7997 7.1229
3.7766 7.2286
3.7524 7.2985
3.7361 7.4031
3.7216 7.5233
3.7085 7.6267
3.7146 7.9351
3.7223 7.9503
3.7324 8.0494
3.7335 8.1658
3.7286 8.1202
3.7331 8.4588
3.7301 8.5441
3.7269 8.6727
3.7482 8.9004
3.7789 8.9949
3.7952 8.9916
3.7936 9.1034
3.7894 9.3551
3.7844 9.5028
3.7830 9.4872
3.7820 9.7497
3.7670 9.9473
3.7684 10.0631
3.7567 10.0831
3.7418 10.2976
3.7374 10.1743
3.7465 10.5973
3.7501 10.6570
3.7573 10.8162
3.7803 10.9710
3.8061 11.0934
3.8178 11.2048
3.8173 11.2813
3.8170 11.4341
3.8160 11.5639
3.8148 11.6690
3.8276 11.7844
3.8593 11.8134
3.8926 12.0595
3.9228 12.1653
3.9336 12.2927
3.9329 12.4174
3.9373 12.5432
3.9449 12.4471
3.9404 12.7488
3.9450 12.8066
3.9581 13.0123
3.9724 12.9706
3.5752 14.8856
3.5006 14.6354
3.4806 14.6078
3.4649 14.4575
3.4656 14.4828
3.4525 14.3721
3.4538 14.4108
3.4523 14.3953
3.4251 14.2647
3.4194 14.2901
3.4290 14.2212
3.4638 14.4102
3.4802 14.5355
3.4797 14.5767
3.4977 14.7297
3.4764 14.7152
3.4640 14.9391
3.4587 14.9845
3.4617 15.1053
3.4478 15.2332
3.4143 15.2779
3.3767 15.3871
3.3514 15.4831
3.3332 15.5637
3.3123 15.6271
3.2872 15.8123
3.1992 15.8506
3.1652 16.0194
3.1254 15.9735
3.0942 16.2159
3.0572 16.2304
3.0296 16.2927
3.0144 16.4149
2.9900 16.5088
2.9722 16.5550
2.9542 16.8651
2.9556 16.9850
2.9281 16.9148
2.9035 17.1078
3.0363 16.9538
3.0189 17.0643
2.9764 17.1829
3.0061 17.1855
2.9155 17.3608
2.9085 17.4133
2.8882 17.4541
2.8458 17.5358
2.7724 17.6796
2.7222 17.7800
2.6979 17.8460
2.6526 17.9622
2.5966 18.1451
2.5570 18.3073
2.5413 18.4385
2.4921 18.6074
2.4629 18.7349
2.4482 18.8714
2.3979 19.0371
2.4062 19.1601
2.3076 19.3739
2.2925 19.4947
2.2733 19.6174
2.1803 19.7843
2.0651 19.9254
1.9708 19.9938
1.7692 20.1071
1.5585 20.1961
1.3491 20.2512
1.1774 20.2370
0.9758 20.2120
0.7782 20.1395
0.6190 20.0001
0.4885 19.8147
0.3673 19.6794
0.4638 18.6886
0.2804 19.3547
0.2893 19.2677
0.3557 19.0961
0.4347 18.9383
0.5200 18.8287
0.6432 18.6506
0.7626 18.6536
0.9047 18.6121
1.0089 18.5202
1.0957 18.4191
1.2043 18.2791
1.4281 18.2649
1.6228 18.3743
1.6853 18.5405
1.7236 18.7242
1.7683 18.8401
1.7596 19.0123
1.7114 19.2257
1.6946 19.3493
1.6776 19.4560
1.6207 19.5808
1.5464 19.6823
1.4435 19.7493
1.3274 19.7542
1.2091 19.6913
1.0666 19.5965
0.9223 19.4967
0.8078 19.4233
0.8022 19.2981
1.0851 18.6854
0.9928 19.2187
1.1629 19.2421
1.3499 19.2437
1.5073 19.1911
1.6468 19.0780
1.7985 18.9096
1.8834 18.8250
2.0181 18.6790
2.1497 18.5420
2.2014 18.4563
2.2727 18.3173
2.3511 18.1485
2.4209 18.0084
2.4784 17.9207
2.6039 17.7392
2.6518 17.6476
2.7701 17.4050
2.8477 17.2656
2.8599 17.2316
3.0488 16.9403
3.0728 16.8676
3.0602 16.8164
3.0877 16.7072
3.1455 16.5504
3.0122 16.6589
3.1114 16.3798
3.1604 16.0917
3.1851 15.9900
3.2975 15.7644
3.3532 15.5827
3.3899 15.4931
3.4806 15.3279
3.4101 15.8184
3.4171 15.7560
3.4430 15.6830
3.4679 15.5518
3.5059 15.4732
3.5315 15.3731
3.5355 15.2383
3.5398 15.1227
3.5456 14.9678
3.5587 14.8638
3.5647 14.7836
3.5867 14.6683
3.6175 14.5880
3.6664 14.3589
3.6496 14.2134
3.6349 14.0869
3.6237 13.9514
3.6046 13.8263
3.5907 13.6949
3.5948 13.5713
3.6075 13.4035
3.6186 13.2800
3.6043 13.1569
3.5845 12.9996
3.5831 12.8584
3.5781 12.7178
3.5992 12.6275
3.6380 11.4583
3.7169 12.4331
3.7336 12.4088
3.7273 12.3374
3.6980 11.7803
3.7077 12.1238
3.7003 12.0317
3.6962 11.9189
3.7050 11.8299
3.7417 11.7415
3.7702 11.6187
3.7769 11.5384
3.7670 11.4706
3.7597 11.3417
3.7382 11.2414
3.6057 10.1185
3.6254 10.1478
3.6325 10.1788
3.6394 10.2335
3.6444 10.2098
3.6531 10.1915
3.6700 10.2127
3.6814 10.2265
3.6939 10.2256
3.6987 10.3425
3.6879 10.4125
3.6876 10.4537
3.6931 10.4578
3.6943 10.4301
3.6944 10.3705
3.7075 10.2737
3.7279 10.1336
3.7489 9.7732
3.7769 9.7838
3.7760 9.7397
3.7534 9.5273
3.7356 9.3674
3.7242 9.2795
3.7111 9.1683
3.7170 8.8138
3.7616 8.8233
3.7872 8.7011
3.7993 8.6167
3.7919 8.4489
3.7878 8.3033
3.7792 8.1024
3.7852 8.0725
3.7986 8.0384
3.8256 7.7864
3.7877 8.0816
3.7923 8.3112
3.7174 7.0767
3.7515 6.7857
3.7651 6.6171
3.7731 6.6073
3.7794 6.5983
3.7549 6.0778
3.7658 6.3405
3.7785 6.3283
3.8114 6.4813
3.7795 5.5426
3.7784 5.0806
3.7615 4.8893
3.7667 5.0121
3.7321 4.6528
3.7204 4.4705
3.7288 4.2884
3.7517 4.2021
3.7572 4.0581
3.7574 3.9351
3.7678 3.8544
3.8123 3.0861
3.8291 2.8771
3.8310 2.8157
3.8616 2.3566
3.9017 2.7276
3.9466 2.4571
3.9601 2.5721
3.9491 2.3759
3.8762 2.7483
3.8315 2.5808
3.8491 2.3292
3.8772 2.1901
3.8919 2.0796
3.8780 1.9459
3.8683 1.8039
3.8565 1.6437
3.8308 1.4886
3.8135 1.3551
3.8142 1.1976
3.8246 1.0560
3.8241 0.8992
3.8212 0.7883
3.8008 0.6368
3.7814 0.5085
3.7646 0.3643
3.7421 0.2087
3.7378 0.0770
3.7417 -0.0843
3.7557 -0.2228
3.7567 -0.3667
3.7396 -0.4823
3.6849 -0.6038
3.5979 -0.6829
3.4879 -0.7293
3.3608 -0.7393
3.2420 -0.7148
3.1266 -0.7080
3.0153 -0.7241
2.9137 -0.7544
2.8293 -0.7641
2.7335 -0.7494
2.6235 -0.7489
2.5066 -0.7351
2.4039 -0.7377
2.3099 -0.7239
2.2170 -0.7433
2.1040 -0.7424
2.0202 -0.7756
1.9328 -0.7682
1.8463 -0.7624
1.7502 -0.7576
1.6595 -0.7446
1.6187 -0.6758
1.5591 -0.6548
